100
0.673699 -0.669113 
-0.400323 -0.671802 
0.575629 -0.778094 
-1.063561 0.552978 
-0.423429 0.361587 
-0.351889 0.269541 
-2.564449 0.465864 
1.853561 1.039289 
0.910897 -0.239731 
0.180998 0.244250 
0.096393 -0.830468 
-0.352252 -0.174775 
-0.480653 0.836837 
2.538349 -1.323334 
0.128340 -1.442379 
1.302508 1.409912 
-1.662543 1.943684 
-1.084698 0.226819 
1.098929 0.147189 
2.295666 2.752558 
0.138318 -1.907066 
-0.364993 -0.848110 
-0.764753 -1.127695 
0.078189 2.106630 
-0.715847 -0.280516 
1.166475 1.212821 
0.485541 1.026016 
0.870726 -0.381758 
0.428893 -0.299131 
-0.899869 0.634745 
0.067454 -0.187121 
0.291727 0.987695 
0.392935 0.194551 
0.279785 0.051220 
-0.774466 0.786782 
1.408907 -0.534099 
1.927758 -0.176248 
-0.243750 -0.897601 
-0.792337 -0.952975 
0.353905 1.597026 
0.527470 0.854202 
1.341847 -2.499533 
-0.167559 0.353015 
0.717254 -1.304852 
-1.005869 0.790683 
-0.116571 0.553090 
-0.960645 -1.633802 
0.761200 1.193307 
1.632057 -1.532190 
-1.336852 -1.473846 
-0.041663 -0.615507 
1.314155 -1.455067 
-1.742349 0.205305 
1.192930 -0.802823 
-1.265636 -0.149331 
-1.636447 0.017344 
0.828387 0.217738 
-1.909245 -0.536822 
-0.302032 1.813582 
0.914852 -0.057081 
1.309362 -1.044736 
-0.348267 1.412561 
1.502383 0.730376 
0.490752 -0.586126 
0.744900 -0.828155 
0.574521 0.281841 
1.139306 -0.425868 
0.636140 0.793178 
-0.898377 0.156245 
1.597254 0.112440 
-0.308625 0.456660 
-0.275101 0.443144 
-0.134765 -0.018328 
0.460789 1.362315 
0.451875 1.648384 
-2.028362 -0.449257 
0.235993 -0.835173 
-1.275955 0.617035 
0.612702 0.289381 
0.395316 -0.870563 
-0.497688 -0.106672 
-0.687829 0.331881 
2.365225 -0.482231 
0.647448 -1.034425 
1.339555 -0.969140 
0.208716 -0.618593 
0.512016 0.011354 
-0.043989 2.949093 
-0.630046 -0.046879 
2.683026 -1.146691 
0.552999 -1.076458 
1.030640 0.327530 
0.652125 -0.278861 
0.245192 1.472513 
-2.275102 -1.633291 
0.415469 -0.654769 
-0.296348 -1.496919 
-0.904834 -0.404182 
-0.725798 -0.866485 
-0.421847 -0.942666 
